mermo
12 11 90 5 100 24
0 8
1 0 1 1 1 0 1 1 0 0 1 0 0 0 1 0 1 0 1 1 1 1 0 1 
0 1 1 1 0 1 1 1 0 0 0 0 0 0 0 1 0 1 1 1 1 0 0 0 
1 0 1 1 0 1 0 0 0 1 1 0 1 1 1 0 0 1 1 1 0 0 0 0 
0 1 1 1 1 0 1 0 1 0 1 1 0 1 0 1 1 0 0 1 1 0 0 1 
0 0 1 1 1 1 1 0 1 1 1 1 0 0 0 1 1 1 0 0 1 0 1 1 
1 0 1 0 1 1 1 0 0 1 0 0 1 1 0 0 0 0 0 1 1 0 1 1 
1 0 0 0 1 1 0 1 1 0 1 1 1 0 0 1 1 0 0 0 0 1 0 1 
1 1 1 1 0 0 0 1 1 0 1 0 1 0 1 1 1 0 1 1 1 1 0 0 
0 1 0 0 1 1 0 0 1 1 1 1 1 1 0 1 1 0 1 1 0 0 1 1 
0 0 1 1 0 1 0 0 0 0 0 0 0 1 1 0 0 0 0 0 1 0 1 0 
1 1 1 0 1 1 1 1 1 0 1 0 0 0 0 0 1 0 1 1 0 0 1 1 
1 0 0 0 0 1 1 1 0 1 0 0 0 0 0 0 0 0 1 1 1 1 1 1 
1 0 0 1 1 0 0 0 0 0 0 0 0 0 0 0 0 0 0 0 0 1 0 1 
0 1 0 0 0 0 1 0 0 0 1 0 0 1 0 0 0 0 0 0 1 0 0 0 
0 1 0 0 1 0 1 0 0 0 0 1 0 0 0 0 0 1 1 0 1 0 0 1 
1 1 1 1 1 1 0 0 1 0 1 1 1 1 0 0 1 0 0 1 0 0 0 1 
0 1 0 1 1 0 1 1 1 1 1 1 0 1 1 1 0 1 1 0 1 1 1 0 
0 0 1 1 1 0 0 1 1 0 1 0 0 0 0 1 1 1 0 0 0 1 1 1 
1 0 0 1 1 0 1 1 0 1 1 0 1 0 1 0 0 0 0 0 0 1 1 1 
1 1 0 1 1 0 0 1 0 0 1 0 1 0 1 0 1 1 0 0 0 1 1 1 
0 1 0 0 1 0 1 1 1 0 1 1 1 1 0 0 1 1 1 0 0 0 0 1 
1 1 0 0 0 1 1 0 0 1 1 0 0 1 0 0 0 1 1 1 0 0 1 1 
0 0 0 0 0 1 0 1 0 0 1 1 1 0 0 1 1 1 1 0 1 0 0 1 
0 1 1 1 0 0 0 1 0 1 1 1 0 1 1 0 1 1 0 1 0 1 1 1 
